{
 "cells": [
  {
   "cell_type": "code",
   "execution_count": 1,
   "metadata": {},
   "outputs": [],
   "source": [
    "################################################################################\n",
    "# R CODE INCLUDED AS SUPPLEMENTARY ONLINE MATERIAL FOR:\n",
    "#   \"Time series regression studies in environmental epidemiology\"\n",
    "#   Bhaskaran K, ....\n",
    "################################################################################\n",
    "\n",
    "# LOAD THE DATA INTO THE SESSION\n",
    "# (THE DATA ARE STORED IN A STATA'S .dta FILE)\n",
    "# (THE FUNCTION read.dta IN THE PACKAGE foreign CAN DO THE JOB)\n",
    "# (THE PACKAGE IS NOT PRE-LOADED INTO THE SESSION AND NEEDS TO BE LOADED)\n",
    "library(foreign)\n",
    "#data <- read.dta(\"ije-2012-10-0989-File003.dta\")\n",
    "data <- read.csv(file=\"./soton_aquality.csv\", header=TRUE, sep=\",\")\n",
    "\n",
    "# SET THE DEFAULT ACTION FOR MISSING DATA TO na.exclude\n",
    "# (MISSING EXCLUDED IN ESTIMATION BUT RE-INSERTED IN PREDICTION/RESIDUALS)\n",
    "options(na.action=\"na.exclude\")\n",
    "\n",
    "# CONVERT DATE COLUMN TO DATE FORMAT\n",
    "data$date <- as.Date(data$date, format = \"%Y-%m-%d\")\n",
    "\n",
    "# CHOOSE VARIABLES\n",
    "data$target <- data$total_ed_attendance\n",
    "data$pollutant <- data$sulphur_dioxide_ug_m3\n",
    "data$temperature <- data$air_temp_min"
   ]
  },
  {
   "cell_type": "code",
   "execution_count": 2,
   "metadata": {},
   "outputs": [
    {
     "data": {
      "text/html": [
       "<table>\n",
       "<thead><tr><th></th><th scope=col>total_ed_attendance</th><th scope=col>total_admissions_from_ed</th><th scope=col>air_temp_ave</th><th scope=col>air_temp_min</th><th scope=col>air_temp_max</th><th scope=col>relative_humidity_percrh</th><th scope=col>pm10_ugm3</th><th scope=col>pm2_5_ugm3</th><th scope=col>nitrogen_dioxide_ug_m3</th><th scope=col>nitric_oxide_ug_m3</th><th scope=col>ozone_ug_m3</th><th scope=col>sulphur_dioxide_ug_m3</th></tr></thead>\n",
       "<tbody>\n",
       "\t<tr><th scope=row>total_ed_attendance</th><td> 1.00000000</td><td> 0.84821090</td><td>-0.32858496</td><td>-0.27931509</td><td>-0.35387551</td><td> 0.07440333</td><td> 0.05788941</td><td> 0.02264320</td><td> 0.08269065</td><td> 0.05545744</td><td>-0.09063789</td><td> 0.13958798</td></tr>\n",
       "\t<tr><th scope=row>total_admissions_from_ed</th><td> 0.84821090</td><td> 1.00000000</td><td>-0.29461913</td><td>-0.26745525</td><td>-0.30046508</td><td> 0.04154038</td><td> 0.04651715</td><td> 0.01007683</td><td> 0.06686114</td><td> 0.06088782</td><td>-0.06347658</td><td> 0.13776912</td></tr>\n",
       "\t<tr><th scope=row>air_temp_ave</th><td>-0.32858496</td><td>-0.29461913</td><td> 1.00000000</td><td> 0.96116860</td><td> 0.96393926</td><td> 0.09881439</td><td>-0.08278288</td><td>-0.13302122</td><td>-0.32159909</td><td>-0.26191133</td><td> 0.18528900</td><td>-0.29794196</td></tr>\n",
       "\t<tr><th scope=row>air_temp_min</th><td>-0.27931509</td><td>-0.26745525</td><td> 0.96116860</td><td> 1.00000000</td><td> 0.87477388</td><td> 0.10763095</td><td>-0.08679068</td><td>-0.15515016</td><td>-0.31252075</td><td>-0.28580125</td><td> 0.17094142</td><td>-0.29341999</td></tr>\n",
       "\t<tr><th scope=row>air_temp_max</th><td>-0.35387551</td><td>-0.30046508</td><td> 0.96393926</td><td> 0.87477388</td><td> 1.00000000</td><td> 0.06158603</td><td>-0.06447689</td><td>-0.08228386</td><td>-0.31448749</td><td>-0.23696243</td><td> 0.17785501</td><td>-0.29472963</td></tr>\n",
       "\t<tr><th scope=row>relative_humidity_percrh</th><td> 0.07440333</td><td> 0.04154038</td><td> 0.09881439</td><td> 0.10763095</td><td> 0.06158603</td><td> 1.00000000</td><td> 0.07799513</td><td> 0.04282336</td><td> 0.10757940</td><td> 0.11729239</td><td>-0.22236368</td><td> 0.04218557</td></tr>\n",
       "\t<tr><th scope=row>pm10_ugm3</th><td> 0.05788941</td><td> 0.04651715</td><td>-0.08278288</td><td>-0.08679068</td><td>-0.06447689</td><td> 0.07799513</td><td> 1.00000000</td><td> 0.85619508</td><td> 0.27884408</td><td> 0.46008513</td><td>-0.31004662</td><td> 0.30737805</td></tr>\n",
       "\t<tr><th scope=row>pm2_5_ugm3</th><td> 0.02264320</td><td> 0.01007683</td><td>-0.13302122</td><td>-0.15515016</td><td>-0.08228386</td><td> 0.04282336</td><td> 0.85619508</td><td> 1.00000000</td><td> 0.31766566</td><td> 0.49461520</td><td>-0.40779471</td><td> 0.30087181</td></tr>\n",
       "\t<tr><th scope=row>nitrogen_dioxide_ug_m3</th><td> 0.08269065</td><td> 0.06686114</td><td>-0.32159909</td><td>-0.31252075</td><td>-0.31448749</td><td> 0.10757940</td><td> 0.27884408</td><td> 0.31766566</td><td> 1.00000000</td><td> 0.52780554</td><td>-0.55320021</td><td> 0.34254925</td></tr>\n",
       "\t<tr><th scope=row>nitric_oxide_ug_m3</th><td> 0.05545744</td><td> 0.06088782</td><td>-0.26191133</td><td>-0.28580125</td><td>-0.23696243</td><td> 0.11729239</td><td> 0.46008513</td><td> 0.49461520</td><td> 0.52780554</td><td> 1.00000000</td><td>-0.51927470</td><td> 0.66116859</td></tr>\n",
       "\t<tr><th scope=row>ozone_ug_m3</th><td>-0.09063789</td><td>-0.06347658</td><td> 0.18528900</td><td> 0.17094142</td><td> 0.17785501</td><td>-0.22236368</td><td>-0.31004662</td><td>-0.40779471</td><td>-0.55320021</td><td>-0.51927470</td><td> 1.00000000</td><td>-0.27416382</td></tr>\n",
       "\t<tr><th scope=row>sulphur_dioxide_ug_m3</th><td> 0.13958798</td><td> 0.13776912</td><td>-0.29794196</td><td>-0.29341999</td><td>-0.29472963</td><td> 0.04218557</td><td> 0.30737805</td><td> 0.30087181</td><td> 0.34254925</td><td> 0.66116859</td><td>-0.27416382</td><td> 1.00000000</td></tr>\n",
       "</tbody>\n",
       "</table>\n"
      ],
      "text/latex": [
       "\\begin{tabular}{r|llllllllllll}\n",
       "  & total\\_ed\\_attendance & total\\_admissions\\_from\\_ed & air\\_temp\\_ave & air\\_temp\\_min & air\\_temp\\_max & relative\\_humidity\\_percrh & pm10\\_ugm3 & pm2\\_5\\_ugm3 & nitrogen\\_dioxide\\_ug\\_m3 & nitric\\_oxide\\_ug\\_m3 & ozone\\_ug\\_m3 & sulphur\\_dioxide\\_ug\\_m3\\\\\n",
       "\\hline\n",
       "\ttotal\\_ed\\_attendance &  1.00000000 &  0.84821090 & -0.32858496 & -0.27931509 & -0.35387551 &  0.07440333 &  0.05788941 &  0.02264320 &  0.08269065 &  0.05545744 & -0.09063789 &  0.13958798\\\\\n",
       "\ttotal\\_admissions\\_from\\_ed &  0.84821090 &  1.00000000 & -0.29461913 & -0.26745525 & -0.30046508 &  0.04154038 &  0.04651715 &  0.01007683 &  0.06686114 &  0.06088782 & -0.06347658 &  0.13776912\\\\\n",
       "\tair\\_temp\\_ave & -0.32858496 & -0.29461913 &  1.00000000 &  0.96116860 &  0.96393926 &  0.09881439 & -0.08278288 & -0.13302122 & -0.32159909 & -0.26191133 &  0.18528900 & -0.29794196\\\\\n",
       "\tair\\_temp\\_min & -0.27931509 & -0.26745525 &  0.96116860 &  1.00000000 &  0.87477388 &  0.10763095 & -0.08679068 & -0.15515016 & -0.31252075 & -0.28580125 &  0.17094142 & -0.29341999\\\\\n",
       "\tair\\_temp\\_max & -0.35387551 & -0.30046508 &  0.96393926 &  0.87477388 &  1.00000000 &  0.06158603 & -0.06447689 & -0.08228386 & -0.31448749 & -0.23696243 &  0.17785501 & -0.29472963\\\\\n",
       "\trelative\\_humidity\\_percrh &  0.07440333 &  0.04154038 &  0.09881439 &  0.10763095 &  0.06158603 &  1.00000000 &  0.07799513 &  0.04282336 &  0.10757940 &  0.11729239 & -0.22236368 &  0.04218557\\\\\n",
       "\tpm10\\_ugm3 &  0.05788941 &  0.04651715 & -0.08278288 & -0.08679068 & -0.06447689 &  0.07799513 &  1.00000000 &  0.85619508 &  0.27884408 &  0.46008513 & -0.31004662 &  0.30737805\\\\\n",
       "\tpm2\\_5\\_ugm3 &  0.02264320 &  0.01007683 & -0.13302122 & -0.15515016 & -0.08228386 &  0.04282336 &  0.85619508 &  1.00000000 &  0.31766566 &  0.49461520 & -0.40779471 &  0.30087181\\\\\n",
       "\tnitrogen\\_dioxide\\_ug\\_m3 &  0.08269065 &  0.06686114 & -0.32159909 & -0.31252075 & -0.31448749 &  0.10757940 &  0.27884408 &  0.31766566 &  1.00000000 &  0.52780554 & -0.55320021 &  0.34254925\\\\\n",
       "\tnitric\\_oxide\\_ug\\_m3 &  0.05545744 &  0.06088782 & -0.26191133 & -0.28580125 & -0.23696243 &  0.11729239 &  0.46008513 &  0.49461520 &  0.52780554 &  1.00000000 & -0.51927470 &  0.66116859\\\\\n",
       "\tozone\\_ug\\_m3 & -0.09063789 & -0.06347658 &  0.18528900 &  0.17094142 &  0.17785501 & -0.22236368 & -0.31004662 & -0.40779471 & -0.55320021 & -0.51927470 &  1.00000000 & -0.27416382\\\\\n",
       "\tsulphur\\_dioxide\\_ug\\_m3 &  0.13958798 &  0.13776912 & -0.29794196 & -0.29341999 & -0.29472963 &  0.04218557 &  0.30737805 &  0.30087181 &  0.34254925 &  0.66116859 & -0.27416382 &  1.00000000\\\\\n",
       "\\end{tabular}\n"
      ],
      "text/markdown": [
       "\n",
       "| <!--/--> | total_ed_attendance | total_admissions_from_ed | air_temp_ave | air_temp_min | air_temp_max | relative_humidity_percrh | pm10_ugm3 | pm2_5_ugm3 | nitrogen_dioxide_ug_m3 | nitric_oxide_ug_m3 | ozone_ug_m3 | sulphur_dioxide_ug_m3 |\n",
       "|---|---|---|---|---|---|---|---|---|---|---|---|---|\n",
       "| total_ed_attendance |  1.00000000 |  0.84821090 | -0.32858496 | -0.27931509 | -0.35387551 |  0.07440333 |  0.05788941 |  0.02264320 |  0.08269065 |  0.05545744 | -0.09063789 |  0.13958798 |\n",
       "| total_admissions_from_ed |  0.84821090 |  1.00000000 | -0.29461913 | -0.26745525 | -0.30046508 |  0.04154038 |  0.04651715 |  0.01007683 |  0.06686114 |  0.06088782 | -0.06347658 |  0.13776912 |\n",
       "| air_temp_ave | -0.32858496 | -0.29461913 |  1.00000000 |  0.96116860 |  0.96393926 |  0.09881439 | -0.08278288 | -0.13302122 | -0.32159909 | -0.26191133 |  0.18528900 | -0.29794196 |\n",
       "| air_temp_min | -0.27931509 | -0.26745525 |  0.96116860 |  1.00000000 |  0.87477388 |  0.10763095 | -0.08679068 | -0.15515016 | -0.31252075 | -0.28580125 |  0.17094142 | -0.29341999 |\n",
       "| air_temp_max | -0.35387551 | -0.30046508 |  0.96393926 |  0.87477388 |  1.00000000 |  0.06158603 | -0.06447689 | -0.08228386 | -0.31448749 | -0.23696243 |  0.17785501 | -0.29472963 |\n",
       "| relative_humidity_percrh |  0.07440333 |  0.04154038 |  0.09881439 |  0.10763095 |  0.06158603 |  1.00000000 |  0.07799513 |  0.04282336 |  0.10757940 |  0.11729239 | -0.22236368 |  0.04218557 |\n",
       "| pm10_ugm3 |  0.05788941 |  0.04651715 | -0.08278288 | -0.08679068 | -0.06447689 |  0.07799513 |  1.00000000 |  0.85619508 |  0.27884408 |  0.46008513 | -0.31004662 |  0.30737805 |\n",
       "| pm2_5_ugm3 |  0.02264320 |  0.01007683 | -0.13302122 | -0.15515016 | -0.08228386 |  0.04282336 |  0.85619508 |  1.00000000 |  0.31766566 |  0.49461520 | -0.40779471 |  0.30087181 |\n",
       "| nitrogen_dioxide_ug_m3 |  0.08269065 |  0.06686114 | -0.32159909 | -0.31252075 | -0.31448749 |  0.10757940 |  0.27884408 |  0.31766566 |  1.00000000 |  0.52780554 | -0.55320021 |  0.34254925 |\n",
       "| nitric_oxide_ug_m3 |  0.05545744 |  0.06088782 | -0.26191133 | -0.28580125 | -0.23696243 |  0.11729239 |  0.46008513 |  0.49461520 |  0.52780554 |  1.00000000 | -0.51927470 |  0.66116859 |\n",
       "| ozone_ug_m3 | -0.09063789 | -0.06347658 |  0.18528900 |  0.17094142 |  0.17785501 | -0.22236368 | -0.31004662 | -0.40779471 | -0.55320021 | -0.51927470 |  1.00000000 | -0.27416382 |\n",
       "| sulphur_dioxide_ug_m3 |  0.13958798 |  0.13776912 | -0.29794196 | -0.29341999 | -0.29472963 |  0.04218557 |  0.30737805 |  0.30087181 |  0.34254925 |  0.66116859 | -0.27416382 |  1.00000000 |\n",
       "\n"
      ],
      "text/plain": [
       "                         total_ed_attendance total_admissions_from_ed\n",
       "total_ed_attendance       1.00000000          0.84821090             \n",
       "total_admissions_from_ed  0.84821090          1.00000000             \n",
       "air_temp_ave             -0.32858496         -0.29461913             \n",
       "air_temp_min             -0.27931509         -0.26745525             \n",
       "air_temp_max             -0.35387551         -0.30046508             \n",
       "relative_humidity_percrh  0.07440333          0.04154038             \n",
       "pm10_ugm3                 0.05788941          0.04651715             \n",
       "pm2_5_ugm3                0.02264320          0.01007683             \n",
       "nitrogen_dioxide_ug_m3    0.08269065          0.06686114             \n",
       "nitric_oxide_ug_m3        0.05545744          0.06088782             \n",
       "ozone_ug_m3              -0.09063789         -0.06347658             \n",
       "sulphur_dioxide_ug_m3     0.13958798          0.13776912             \n",
       "                         air_temp_ave air_temp_min air_temp_max\n",
       "total_ed_attendance      -0.32858496  -0.27931509  -0.35387551 \n",
       "total_admissions_from_ed -0.29461913  -0.26745525  -0.30046508 \n",
       "air_temp_ave              1.00000000   0.96116860   0.96393926 \n",
       "air_temp_min              0.96116860   1.00000000   0.87477388 \n",
       "air_temp_max              0.96393926   0.87477388   1.00000000 \n",
       "relative_humidity_percrh  0.09881439   0.10763095   0.06158603 \n",
       "pm10_ugm3                -0.08278288  -0.08679068  -0.06447689 \n",
       "pm2_5_ugm3               -0.13302122  -0.15515016  -0.08228386 \n",
       "nitrogen_dioxide_ug_m3   -0.32159909  -0.31252075  -0.31448749 \n",
       "nitric_oxide_ug_m3       -0.26191133  -0.28580125  -0.23696243 \n",
       "ozone_ug_m3               0.18528900   0.17094142   0.17785501 \n",
       "sulphur_dioxide_ug_m3    -0.29794196  -0.29341999  -0.29472963 \n",
       "                         relative_humidity_percrh pm10_ugm3   pm2_5_ugm3 \n",
       "total_ed_attendance       0.07440333               0.05788941  0.02264320\n",
       "total_admissions_from_ed  0.04154038               0.04651715  0.01007683\n",
       "air_temp_ave              0.09881439              -0.08278288 -0.13302122\n",
       "air_temp_min              0.10763095              -0.08679068 -0.15515016\n",
       "air_temp_max              0.06158603              -0.06447689 -0.08228386\n",
       "relative_humidity_percrh  1.00000000               0.07799513  0.04282336\n",
       "pm10_ugm3                 0.07799513               1.00000000  0.85619508\n",
       "pm2_5_ugm3                0.04282336               0.85619508  1.00000000\n",
       "nitrogen_dioxide_ug_m3    0.10757940               0.27884408  0.31766566\n",
       "nitric_oxide_ug_m3        0.11729239               0.46008513  0.49461520\n",
       "ozone_ug_m3              -0.22236368              -0.31004662 -0.40779471\n",
       "sulphur_dioxide_ug_m3     0.04218557               0.30737805  0.30087181\n",
       "                         nitrogen_dioxide_ug_m3 nitric_oxide_ug_m3 ozone_ug_m3\n",
       "total_ed_attendance       0.08269065             0.05545744        -0.09063789\n",
       "total_admissions_from_ed  0.06686114             0.06088782        -0.06347658\n",
       "air_temp_ave             -0.32159909            -0.26191133         0.18528900\n",
       "air_temp_min             -0.31252075            -0.28580125         0.17094142\n",
       "air_temp_max             -0.31448749            -0.23696243         0.17785501\n",
       "relative_humidity_percrh  0.10757940             0.11729239        -0.22236368\n",
       "pm10_ugm3                 0.27884408             0.46008513        -0.31004662\n",
       "pm2_5_ugm3                0.31766566             0.49461520        -0.40779471\n",
       "nitrogen_dioxide_ug_m3    1.00000000             0.52780554        -0.55320021\n",
       "nitric_oxide_ug_m3        0.52780554             1.00000000        -0.51927470\n",
       "ozone_ug_m3              -0.55320021            -0.51927470         1.00000000\n",
       "sulphur_dioxide_ug_m3     0.34254925             0.66116859        -0.27416382\n",
       "                         sulphur_dioxide_ug_m3\n",
       "total_ed_attendance       0.13958798          \n",
       "total_admissions_from_ed  0.13776912          \n",
       "air_temp_ave             -0.29794196          \n",
       "air_temp_min             -0.29341999          \n",
       "air_temp_max             -0.29472963          \n",
       "relative_humidity_percrh  0.04218557          \n",
       "pm10_ugm3                 0.30737805          \n",
       "pm2_5_ugm3                0.30087181          \n",
       "nitrogen_dioxide_ug_m3    0.34254925          \n",
       "nitric_oxide_ug_m3        0.66116859          \n",
       "ozone_ug_m3              -0.27416382          \n",
       "sulphur_dioxide_ug_m3     1.00000000          "
      ]
     },
     "metadata": {},
     "output_type": "display_data"
    }
   ],
   "source": [
    "cor(data[,3:14])"
   ]
  },
  {
   "cell_type": "code",
   "execution_count": 3,
   "metadata": {},
   "outputs": [
    {
     "data": {
      "text/plain": [
       "      date                   date.1    total_ed_attendance\n",
       " Min.   :2014-06-04   2014-06-04:  1   Min.   : 0.00      \n",
       " 1st Qu.:2014-11-17   2014-06-05:  1   1st Qu.:10.00      \n",
       " Median :2015-05-03   2014-06-06:  1   Median :13.00      \n",
       " Mean   :2015-05-03   2014-06-07:  1   Mean   :13.48      \n",
       " 3rd Qu.:2015-10-16   2014-06-08:  1   3rd Qu.:16.00      \n",
       " Max.   :2016-03-31   2014-06-09:  1   Max.   :35.00      \n",
       "                      (Other)   :661                      \n",
       " total_admissions_from_ed  air_temp_ave    air_temp_min    air_temp_max  \n",
       " Min.   : 0.000           Min.   : 0.50   Min.   :-2.40   Min.   : 3.00  \n",
       " 1st Qu.: 6.000           1st Qu.: 8.10   1st Qu.: 5.40   1st Qu.:10.90  \n",
       " Median : 8.000           Median :12.00   Median : 9.30   Median :14.30  \n",
       " Mean   : 8.438           Mean   :11.75   Mean   : 8.97   Mean   :14.55  \n",
       " 3rd Qu.:11.000           3rd Qu.:15.60   3rd Qu.:12.75   3rd Qu.:18.55  \n",
       " Max.   :24.000           Max.   :22.90   Max.   :19.80   Max.   :29.80  \n",
       "                                                                         \n",
       " relative_humidity_percrh   pm10_ugm3       pm2_5_ugm3   \n",
       " Min.   :40.20            Min.   : 5.00   Min.   : 1.00  \n",
       " 1st Qu.:75.25            1st Qu.:12.00   1st Qu.: 6.00  \n",
       " Median :82.10            Median :16.00   Median : 9.00  \n",
       " Mean   :81.01            Mean   :17.65   Mean   :11.69  \n",
       " 3rd Qu.:87.40            3rd Qu.:20.00   3rd Qu.:14.00  \n",
       " Max.   :97.40            Max.   :78.00   Max.   :71.00  \n",
       "                                                         \n",
       " nitrogen_dioxide_ug_m3 nitric_oxide_ug_m3  ozone_ug_m3   \n",
       " Min.   : 8.00          Min.   :  1.00     Min.   : 1.00  \n",
       " 1st Qu.:23.00          1st Qu.:  6.00     1st Qu.:27.00  \n",
       " Median :30.00          Median : 10.00     Median :37.00  \n",
       " Mean   :31.78          Mean   : 15.71     Mean   :36.51  \n",
       " 3rd Qu.:38.00          3rd Qu.: 17.00     3rd Qu.:46.00  \n",
       " Max.   :98.00          Max.   :347.00     Max.   :84.00  \n",
       "                                                          \n",
       " sulphur_dioxide_ug_m3 pos_virus_perc   phe_resp_virus_tests_total\n",
       " Min.   : 0.000        Min.   :0.0000   Min.   : 0.00             \n",
       " 1st Qu.: 1.000        1st Qu.:0.0000   1st Qu.: 1.00             \n",
       " Median : 1.000        Median :0.1111   Median : 9.00             \n",
       " Mean   : 1.721        Mean   :0.1650   Mean   :11.13             \n",
       " 3rd Qu.: 2.000        3rd Qu.:0.2857   3rd Qu.:18.00             \n",
       " Max.   :14.000        Max.   :1.0000   Max.   :56.00             \n",
       "                                                                  \n",
       "     target        pollutant       temperature   \n",
       " Min.   : 0.00   Min.   : 0.000   Min.   :-2.40  \n",
       " 1st Qu.:10.00   1st Qu.: 1.000   1st Qu.: 5.40  \n",
       " Median :13.00   Median : 1.000   Median : 9.30  \n",
       " Mean   :13.48   Mean   : 1.721   Mean   : 8.97  \n",
       " 3rd Qu.:16.00   3rd Qu.: 2.000   3rd Qu.:12.75  \n",
       " Max.   :35.00   Max.   :14.000   Max.   :19.80  \n",
       "                                                 "
      ]
     },
     "metadata": {},
     "output_type": "display_data"
    },
    {
     "data": {
      "text/html": [
       "<table>\n",
       "<thead><tr><th></th><th scope=col>total_admissions_from_ed</th><th scope=col>air_temp_ave</th><th scope=col>air_temp_min</th><th scope=col>air_temp_max</th><th scope=col>relative_humidity_percrh</th></tr></thead>\n",
       "<tbody>\n",
       "\t<tr><th scope=row>total_admissions_from_ed</th><td> 1.00000000</td><td>-0.29461913</td><td>-0.2674553 </td><td>-0.30046508</td><td>0.04154038 </td></tr>\n",
       "\t<tr><th scope=row>air_temp_ave</th><td>-0.29461913</td><td> 1.00000000</td><td> 0.9611686 </td><td> 0.96393926</td><td>0.09881439 </td></tr>\n",
       "\t<tr><th scope=row>air_temp_min</th><td>-0.26745525</td><td> 0.96116860</td><td> 1.0000000 </td><td> 0.87477388</td><td>0.10763095 </td></tr>\n",
       "\t<tr><th scope=row>air_temp_max</th><td>-0.30046508</td><td> 0.96393926</td><td> 0.8747739 </td><td> 1.00000000</td><td>0.06158603 </td></tr>\n",
       "\t<tr><th scope=row>relative_humidity_percrh</th><td> 0.04154038</td><td> 0.09881439</td><td> 0.1076310 </td><td> 0.06158603</td><td>1.00000000 </td></tr>\n",
       "</tbody>\n",
       "</table>\n"
      ],
      "text/latex": [
       "\\begin{tabular}{r|lllll}\n",
       "  & total\\_admissions\\_from\\_ed & air\\_temp\\_ave & air\\_temp\\_min & air\\_temp\\_max & relative\\_humidity\\_percrh\\\\\n",
       "\\hline\n",
       "\ttotal\\_admissions\\_from\\_ed &  1.00000000 & -0.29461913 & -0.2674553  & -0.30046508 & 0.04154038 \\\\\n",
       "\tair\\_temp\\_ave & -0.29461913 &  1.00000000 &  0.9611686  &  0.96393926 & 0.09881439 \\\\\n",
       "\tair\\_temp\\_min & -0.26745525 &  0.96116860 &  1.0000000  &  0.87477388 & 0.10763095 \\\\\n",
       "\tair\\_temp\\_max & -0.30046508 &  0.96393926 &  0.8747739  &  1.00000000 & 0.06158603 \\\\\n",
       "\trelative\\_humidity\\_percrh &  0.04154038 &  0.09881439 &  0.1076310  &  0.06158603 & 1.00000000 \\\\\n",
       "\\end{tabular}\n"
      ],
      "text/markdown": [
       "\n",
       "| <!--/--> | total_admissions_from_ed | air_temp_ave | air_temp_min | air_temp_max | relative_humidity_percrh |\n",
       "|---|---|---|---|---|---|\n",
       "| total_admissions_from_ed |  1.00000000 | -0.29461913 | -0.2674553  | -0.30046508 | 0.04154038  |\n",
       "| air_temp_ave | -0.29461913 |  1.00000000 |  0.9611686  |  0.96393926 | 0.09881439  |\n",
       "| air_temp_min | -0.26745525 |  0.96116860 |  1.0000000  |  0.87477388 | 0.10763095  |\n",
       "| air_temp_max | -0.30046508 |  0.96393926 |  0.8747739  |  1.00000000 | 0.06158603  |\n",
       "| relative_humidity_percrh |  0.04154038 |  0.09881439 |  0.1076310  |  0.06158603 | 1.00000000  |\n",
       "\n"
      ],
      "text/plain": [
       "                         total_admissions_from_ed air_temp_ave air_temp_min\n",
       "total_admissions_from_ed  1.00000000              -0.29461913  -0.2674553  \n",
       "air_temp_ave             -0.29461913               1.00000000   0.9611686  \n",
       "air_temp_min             -0.26745525               0.96116860   1.0000000  \n",
       "air_temp_max             -0.30046508               0.96393926   0.8747739  \n",
       "relative_humidity_percrh  0.04154038               0.09881439   0.1076310  \n",
       "                         air_temp_max relative_humidity_percrh\n",
       "total_admissions_from_ed -0.30046508  0.04154038              \n",
       "air_temp_ave              0.96393926  0.09881439              \n",
       "air_temp_min              0.87477388  0.10763095              \n",
       "air_temp_max              1.00000000  0.06158603              \n",
       "relative_humidity_percrh  0.06158603  1.00000000              "
      ]
     },
     "metadata": {},
     "output_type": "display_data"
    },
    {
     "data": {
